0 0.09609375 0.5772833723653396 0.1046875 0.20843091334894615
0 0.04375 0.4918032786885246 0.0875 0.1686182669789227
0 0.20625 0.5995316159250585 0.11875 0.1358313817330211
0 0.259375 0.572599531615925 0.140625 0.16627634660421545
0 0.31875 0.6007025761124122 0.071875 0.11007025761124122
0 0.36875 0.5714285714285714 0.134375 0.16393442622950818
0 0.515625 0.5515222482435597 0.09375 0.16159250585480095
0 0.203125 0.5046838407494145 0.128125 0.18501170960187355
0 0.371875 0.4426229508196721 0.109375 0.117096018735363
0 0.58984375 0.5749414519906323 0.0890625 0.11943793911007025
0 0.6796875 0.5714285714285714 0.128125 0.12177985948477751
0 0.65234375 0.47540983606557374 0.0640625 0.08430913348946135
0 0.75625 0.5526932084309133 0.13125 0.12177985948477751
0 0.909375 0.5398126463700235 0.071875 0.08665105386416862
